% cmap = [0.9859    0.5718         0
%     0.2788    1.0000    0.0600
%          0    0.8621    0.8387
%     0.2477    0.0758    1.0000
%     0.9778         0    0.6106];
% Hack to just show D2-D3-D4 from digits.m colormap
% It's 22:01, Sat 27th March 2021. That's why.

function cmap = digits_v2(varargin)
cmap = [
    0.2788    1.0000    0.0600
         0    0.8621    0.8387
    0.2477    0.0758    1.0000
  ];
end